image: /home/ray/map.pgm
resolution: 0.050000
origin: [-5.550072, -12.124962, 0.000000]
negate: 0
occupied_thresh: 0.65
free_thresh: 0.196

