image: /home/ray/map.pgm
resolution: 0.050000
origin: [-15.641811, -13.607553, 0.000000]
negate: 0
occupied_thresh: 0.65
free_thresh: 0.196

