image: map.pgm
resolution: 0.050000
origin: [-14.669321, -24.283499, 0.000000]
negate: 0
occupied_thresh: 0.65
free_thresh: 0.196

