image: map.pgm
resolution: 0.05000
origin: [-16.496478, -12.438322, 0.000000]
negate: 0
occupied_thresh: 0.65
free_thresh: 0.196

